# row 1
1, 1, 1, 1
1, 1, 1, 1
1, 1, 1, 1
1, 1, 1, 1
1, 1, 1, 1
1, 1, 1, 1
1, 1, 1, 1
1, 1, 1, 1
1, 1, 1, 1
1, 1, 1, 1
1, 1, 1, 1
1, 1, 1, 1
1, 1, 1, 1
1, 1, 1, 1
1, 1, 1, 1
1, 1, 1, 1
1, 1, 1, 1
1, 1, 1, 1
1, 1, 1, 1
1, 1, 1, 1
1, 1, 1, 1
1, 1, 1, 1
1, 1, 1, 1
1, 1, 1, 1
1, 1, 1, 1
1, 1, 1, 1
1, 1, 1, 1
1, 1, 1, 1
# row 2
1, 1, 1, 1
1, 0, 1, 0
0, 0, 1, 1
0, 0, 1, 1
0, 0, 1, 1
0, 0, 1, 1
0, 0, 1, 0
0, 0, 1, 1
0, 0, 1, 1
0, 0, 1, 1
0, 0, 1, 1
0, 0, 1, 1
0, 0, 1, 0
0, 1, 1, 0
1, 0, 1, 0
0, 0, 1, 1
0, 0, 1, 1
0, 0, 1, 1
0, 0, 1, 1
0, 0, 1, 1
0, 0, 1, 0
0, 0, 1, 1
0, 0, 1, 1
0, 0, 1, 1
0, 0, 1, 1
0, 1, 1, 0
1, 1, 1, 1
# row 3
1, 1, 1, 1
1, 1, 0, 0
1, 1, 1, 1
1, 1, 1, 1
1, 1, 1, 1
1, 1, 1, 1
1, 1, 0, 0
1, 1, 1, 1
1, 1, 1, 1
1, 1, 1, 1
1, 1, 1, 1
1, 1, 1, 1
1, 1, 0, 0
1, 1, 1, 1
1, 1, 1, 1
1, 1, 0, 0
1, 1, 1, 1
1, 1, 1, 1
1, 1, 1, 1
1, 1, 1, 1
1, 1, 1, 1
1, 1, 0, 0
1, 1, 1, 1
1, 1, 1, 1
1, 1, 1, 1
1, 1, 1, 1
1, 1, 0, 0
1, 1, 1, 1
# row 4
1, 1, 1, 1
1, 1, 0, 0
1, 1, 1, 1
1, 1, 1, 1
1, 1, 1, 1
1, 1, 1, 1
1, 1, 0, 0
1, 1, 1, 1
1, 1, 1, 1
1, 1, 1, 1
1, 1, 1, 1
1, 1, 1, 1
1, 1, 0, 0
1, 1, 1, 1
1, 1, 1, 1
1, 1, 0, 0
1, 1, 1, 1
1, 1, 1, 1
1, 1, 1, 1
1, 1, 1, 1
1, 1, 1, 1
1, 1, 0, 0
1, 1, 1, 1
1, 1, 1, 1
1, 1, 1, 1
1, 1, 1, 1
1, 1, 0, 0
1, 1, 1, 1
# row 5
1, 1, 1, 1
1, 1, 0, 0
1, 1, 1, 1
1, 1, 1, 1
1, 1, 1, 1
1, 1, 1, 1
1, 1, 0, 0
1, 1, 1, 1
1, 1, 1, 1
1, 1, 1, 1
1, 1, 1, 1
1, 1, 1, 1
1, 1, 0, 0
1, 1, 1, 1
1, 1, 1, 1
1, 1, 0, 0
1, 1, 1, 1
1, 1, 1, 1
1, 1, 1, 1
1, 1, 1, 1
1, 1, 1, 1
1, 1, 0, 0
1, 1, 1, 1
1, 1, 1, 1
1, 1, 1, 1
1, 1, 1, 1
1, 1, 0, 0
1, 1, 1, 1
# row 6 where i stopped caring
1, 1, 1, 1
1, 1, 0, 0
1, 1, 1, 1
1, 1, 1, 1
1, 1, 1, 1
1, 1, 1, 1
1, 1, 0, 0
1, 1, 1, 1
1, 1, 1, 1
1, 1, 1, 1
1, 1, 1, 1
1, 1, 1, 1
1, 1, 0, 0
1, 1, 1, 1
1, 1, 1, 1
1, 1, 0, 0
1, 1, 1, 1
1, 1, 1, 1
1, 1, 1, 1
1, 1, 1, 1
1, 1, 1, 1
1, 1, 0, 0
1, 1, 1, 1
1, 1, 1, 1
1, 1, 1, 1
1, 1, 1, 1
1, 1, 0, 0
1, 1, 1, 1
# row 7
1, 1, 1, 1
1, 1, 0, 0
1, 1, 1, 1
1, 1, 1, 1
1, 1, 1, 1
1, 1, 1, 1
1, 1, 0, 0
1, 1, 1, 1
1, 1, 1, 1
1, 1, 1, 1
1, 1, 1, 1
1, 1, 1, 1
1, 1, 0, 0
1, 1, 1, 1
1, 1, 1, 1
1, 1, 0, 0
1, 1, 1, 1
1, 1, 1, 1
1, 1, 1, 1
1, 1, 1, 1
1, 1, 1, 1
1, 1, 0, 0
1, 1, 1, 1
1, 1, 1, 1
1, 1, 1, 1
1, 1, 1, 1
1, 1, 0, 0
1, 1, 1, 1
# row 8
1, 1, 1, 1
1, 1, 0, 0
1, 1, 1, 1
1, 1, 1, 1
1, 1, 1, 1
1, 1, 1, 1
1, 1, 0, 0
1, 1, 1, 1
1, 1, 1, 1
1, 1, 1, 1
1, 1, 1, 1
1, 1, 1, 1
1, 1, 0, 0
1, 1, 1, 1
1, 1, 1, 1
1, 1, 0, 0
1, 1, 1, 1
1, 1, 1, 1
1, 1, 1, 1
1, 1, 1, 1
1, 1, 1, 1
1, 1, 0, 0
1, 1, 1, 1
1, 1, 1, 1
1, 1, 1, 1
1, 1, 1, 1
1, 1, 0, 0
1, 1, 1, 1
# row 9
1, 1, 1, 1
1, 1, 0, 0
1, 1, 1, 1
1, 1, 1, 1
1, 1, 1, 1
1, 1, 1, 1
1, 1, 0, 0
1, 1, 1, 1
1, 1, 1, 1
1, 1, 1, 1
1, 1, 1, 1
1, 1, 1, 1
1, 1, 0, 0
1, 1, 1, 1
1, 1, 1, 1
1, 1, 0, 0
1, 1, 1, 1
1, 1, 1, 1
1, 1, 1, 1
1, 1, 1, 1
1, 1, 1, 1
1, 1, 0, 0
1, 1, 1, 1
1, 1, 1, 1
1, 1, 1, 1
1, 1, 1, 1
1, 1, 0, 0
1, 1, 1, 1
# row 10
1, 1, 1, 1
1, 1, 0, 0
1, 1, 1, 1
1, 1, 1, 1
1, 1, 1, 1
1, 1, 1, 1
1, 1, 0, 0
1, 1, 1, 1
1, 1, 1, 1
1, 1, 1, 1
1, 1, 1, 1
1, 1, 1, 1
1, 1, 0, 0
1, 1, 1, 1
1, 1, 1, 1
1, 1, 0, 0
1, 1, 1, 1
1, 1, 1, 1
1, 1, 1, 1
1, 1, 1, 1
1, 1, 1, 1
1, 1, 0, 0
1, 1, 1, 1
1, 1, 1, 1
1, 1, 1, 1
1, 1, 1, 1
1, 1, 0, 0
1, 1, 1, 1
# row 11
1, 1, 1, 1
1, 1, 0, 0
1, 1, 1, 1
1, 1, 1, 1
1, 1, 1, 1
1, 1, 1, 1
1, 1, 0, 0
1, 1, 1, 1
1, 1, 1, 1
1, 1, 1, 1
1, 1, 1, 1
1, 1, 1, 1
1, 1, 0, 0
1, 1, 1, 1
1, 1, 1, 1
1, 1, 0, 0
1, 1, 1, 1
1, 1, 1, 1
1, 1, 1, 1
1, 1, 1, 1
1, 1, 1, 1
1, 1, 0, 0
1, 1, 1, 1
1, 1, 1, 1
1, 1, 1, 1
1, 1, 1, 1
1, 1, 0, 0
1, 1, 1, 1
# row 12
1, 1, 1, 1
1, 1, 0, 0
1, 1, 1, 1
1, 1, 1, 1
1, 1, 1, 1
1, 1, 1, 1
1, 1, 0, 0
1, 1, 1, 1
1, 1, 1, 1
1, 1, 1, 1
1, 1, 1, 1
1, 1, 1, 1
1, 1, 0, 0
1, 1, 1, 1
1, 1, 1, 1
1, 1, 0, 0
1, 1, 1, 1
1, 1, 1, 1
1, 1, 1, 1
1, 1, 1, 1
1, 1, 1, 1
1, 1, 0, 0
1, 1, 1, 1
1, 1, 1, 1
1, 1, 1, 1
1, 1, 1, 1
1, 1, 0, 0
1, 1, 1, 1
# row 13
1, 1, 1, 1
1, 1, 0, 0
1, 1, 1, 1
1, 1, 1, 1
1, 1, 1, 1
1, 1, 1, 1
1, 1, 0, 0
1, 1, 1, 1
1, 1, 1, 1
1, 1, 1, 1
1, 1, 1, 1
1, 1, 1, 1
1, 1, 0, 0
1, 1, 1, 1
1, 1, 1, 1
1, 1, 0, 0
1, 1, 1, 1
1, 1, 1, 1
1, 1, 1, 1
1, 1, 1, 1
1, 1, 1, 1
1, 1, 0, 0
1, 1, 1, 1
1, 1, 1, 1
1, 1, 1, 1
1, 1, 1, 1
1, 1, 0, 0
1, 1, 1, 1
# row 14
1, 1, 1, 1
1, 1, 0, 0
1, 1, 1, 1
1, 1, 1, 1
1, 1, 1, 1
1, 1, 1, 1
1, 1, 0, 0
1, 1, 1, 1
1, 1, 1, 1
1, 1, 1, 1
1, 1, 1, 1
1, 1, 1, 1
1, 1, 0, 0
1, 1, 1, 1
1, 1, 1, 1
1, 1, 0, 0
1, 1, 1, 1
1, 1, 1, 1
1, 1, 1, 1
1, 1, 1, 1
1, 1, 1, 1
1, 1, 0, 0
1, 1, 1, 1
1, 1, 1, 1
1, 1, 1, 1
1, 1, 1, 1
1, 1, 0, 0
1, 1, 1, 1
# row 15
1, 1, 1, 1
1, 1, 0, 0
1, 1, 1, 1
1, 1, 1, 1
1, 1, 1, 1
1, 1, 1, 1
1, 1, 0, 0
1, 1, 1, 1
1, 1, 1, 1
1, 1, 1, 1
1, 1, 1, 1
1, 1, 1, 1
1, 1, 0, 0
1, 1, 1, 1
1, 1, 1, 1
1, 1, 0, 0
1, 1, 1, 1
1, 1, 1, 1
1, 1, 1, 1
1, 1, 1, 1
1, 1, 1, 1
1, 1, 0, 0
1, 1, 1, 1
1, 1, 1, 1
1, 1, 1, 1
1, 1, 1, 1
1, 1, 0, 0
1, 1, 1, 1
# row 16
1, 1, 1, 1
1, 1, 0, 0
1, 1, 1, 1
1, 1, 1, 1
1, 1, 1, 1
1, 1, 1, 1
1, 1, 0, 0
1, 1, 1, 1
1, 1, 1, 1
1, 1, 1, 1
1, 1, 1, 1
1, 1, 1, 1
1, 1, 0, 0
1, 1, 1, 1
1, 1, 1, 1
1, 1, 0, 0
1, 1, 1, 1
1, 1, 1, 1
1, 1, 1, 1
1, 1, 1, 1
1, 1, 1, 1
1, 1, 0, 0
1, 1, 1, 1
1, 1, 1, 1
1, 1, 1, 1
1, 1, 1, 1
1, 1, 0, 0
1, 1, 1, 1
# row 17
1, 1, 1, 1
1, 1, 0, 0
1, 1, 1, 1
1, 1, 1, 1
1, 1, 1, 1
1, 1, 1, 1
1, 1, 0, 0
1, 1, 1, 1
1, 1, 1, 1
1, 1, 1, 1
1, 1, 1, 1
1, 1, 1, 1
1, 1, 0, 0
1, 1, 1, 1
1, 1, 1, 1
1, 1, 0, 0
1, 1, 1, 1
1, 1, 1, 1
1, 1, 1, 1
1, 1, 1, 1
1, 1, 1, 1
1, 1, 0, 0
1, 1, 1, 1
1, 1, 1, 1
1, 1, 1, 1
1, 1, 1, 1
1, 1, 0, 0
1, 1, 1, 1
# row 18
1, 1, 1, 1
1, 1, 0, 0
1, 1, 1, 1
1, 1, 1, 1
1, 1, 1, 1
1, 1, 1, 1
1, 1, 0, 0
1, 1, 1, 1
1, 1, 1, 1
1, 1, 1, 1
1, 1, 1, 1
1, 1, 1, 1
1, 1, 0, 0
1, 1, 1, 1
1, 1, 1, 1
1, 1, 0, 0
1, 1, 1, 1
1, 1, 1, 1
1, 1, 1, 1
1, 1, 1, 1
1, 1, 1, 1
1, 1, 0, 0
1, 1, 1, 1
1, 1, 1, 1
1, 1, 1, 1
1, 1, 1, 1
1, 1, 0, 0
1, 1, 1, 1
# row 19
1, 1, 1, 1
1, 1, 0, 0
1, 1, 1, 1
1, 1, 1, 1
1, 1, 1, 1
1, 1, 1, 1
1, 1, 0, 0
1, 1, 1, 1
1, 1, 1, 1
1, 1, 1, 1
1, 1, 1, 1
1, 1, 1, 1
1, 1, 0, 0
1, 1, 1, 1
1, 1, 1, 1
1, 1, 0, 0
1, 1, 1, 1
1, 1, 1, 1
1, 1, 1, 1
1, 1, 1, 1
1, 1, 1, 1
1, 1, 0, 0
1, 1, 1, 1
1, 1, 1, 1
1, 1, 1, 1
1, 1, 1, 1
1, 1, 0, 0
1, 1, 1, 1
# row 20
1, 1, 1, 1
1, 1, 0, 0
1, 1, 1, 1
1, 1, 1, 1
1, 1, 1, 1
1, 1, 1, 1
1, 1, 0, 0
1, 1, 1, 1
1, 1, 1, 1
1, 1, 1, 1
1, 1, 1, 1
1, 1, 1, 1
1, 1, 0, 0
1, 1, 1, 1
1, 1, 1, 1
1, 1, 0, 0
1, 1, 1, 1
1, 1, 1, 1
1, 1, 1, 1
1, 1, 1, 1
1, 1, 1, 1
1, 1, 0, 0
1, 1, 1, 1
1, 1, 1, 1
1, 1, 1, 1
1, 1, 1, 1
1, 1, 0, 0
1, 1, 1, 1
# row 21
1, 1, 1, 1
1, 1, 0, 0
1, 1, 1, 1
1, 1, 1, 1
1, 1, 1, 1
1, 1, 1, 1
1, 1, 0, 0
1, 1, 1, 1
1, 1, 1, 1
1, 1, 1, 1
1, 1, 1, 1
1, 1, 1, 1
1, 1, 0, 0
1, 1, 1, 1
1, 1, 1, 1
1, 1, 0, 0
1, 1, 1, 1
1, 1, 1, 1
1, 1, 1, 1
1, 1, 1, 1
1, 1, 1, 1
1, 1, 0, 0
1, 1, 1, 1
1, 1, 1, 1
1, 1, 1, 1
1, 1, 1, 1
1, 1, 0, 0
1, 1, 1, 1
# row 22
1, 1, 1, 1
1, 1, 0, 0
1, 1, 1, 1
1, 1, 1, 1
1, 1, 1, 1
1, 1, 1, 1
1, 1, 0, 0
1, 1, 1, 1
1, 1, 1, 1
1, 1, 1, 1
1, 1, 1, 1
1, 1, 1, 1
1, 1, 0, 0
1, 1, 1, 1
1, 1, 1, 1
1, 1, 0, 0
1, 1, 1, 1
1, 1, 1, 1
1, 1, 1, 1
1, 1, 1, 1
1, 1, 1, 1
1, 1, 0, 0
1, 1, 1, 1
1, 1, 1, 1
1, 1, 1, 1
1, 1, 1, 1
1, 1, 0, 0
1, 1, 1, 1
# row 23
1, 1, 1, 1
1, 1, 0, 0
1, 1, 1, 1
1, 1, 1, 1
1, 1, 1, 1
1, 1, 1, 1
1, 1, 0, 0
1, 1, 1, 1
1, 1, 1, 1
1, 1, 1, 1
1, 1, 1, 1
1, 1, 1, 1
1, 1, 0, 0
1, 1, 1, 1
1, 1, 1, 1
1, 1, 0, 0
1, 1, 1, 1
1, 1, 1, 1
1, 1, 1, 1
1, 1, 1, 1
1, 1, 1, 1
1, 1, 0, 0
1, 1, 1, 1
1, 1, 1, 1
1, 1, 1, 1
1, 1, 1, 1
1, 1, 0, 0
1, 1, 1, 1
# row 24
1, 1, 1, 1
1, 1, 0, 0
1, 1, 1, 1
1, 1, 1, 1
1, 1, 1, 1
1, 1, 1, 1
1, 1, 0, 0
1, 1, 1, 1
1, 1, 1, 1
1, 1, 1, 1
1, 1, 1, 1
1, 1, 1, 1
1, 1, 0, 0
1, 1, 1, 1
1, 1, 1, 1
1, 1, 0, 0
1, 1, 1, 1
1, 1, 1, 1
1, 1, 1, 1
1, 1, 1, 1
1, 1, 1, 1
1, 1, 0, 0
1, 1, 1, 1
1, 1, 1, 1
1, 1, 1, 1
1, 1, 1, 1
1, 1, 0, 0
1, 1, 1, 1
# row 25
1, 1, 1, 1
1, 1, 0, 0
1, 1, 1, 1
1, 1, 1, 1
1, 1, 1, 1
1, 1, 1, 1
1, 1, 0, 0
1, 1, 1, 1
1, 1, 1, 1
1, 1, 1, 1
1, 1, 1, 1
1, 1, 1, 1
1, 1, 0, 0
1, 1, 1, 1
1, 1, 1, 1
1, 1, 0, 0
1, 1, 1, 1
1, 1, 1, 1
1, 1, 1, 1
1, 1, 1, 1
1, 1, 1, 1
1, 1, 0, 0
1, 1, 1, 1
1, 1, 1, 1
1, 1, 1, 1
1, 1, 1, 1
1, 1, 0, 0
1, 1, 1, 1
# row 26
1, 1, 1, 1
1, 1, 0, 0
1, 1, 1, 1
1, 1, 1, 1
1, 1, 1, 1
1, 1, 1, 1
1, 1, 0, 0
1, 1, 1, 1
1, 1, 1, 1
1, 1, 1, 1
1, 1, 1, 1
1, 1, 1, 1
1, 1, 0, 0
1, 1, 1, 1
1, 1, 1, 1
1, 1, 0, 0
1, 1, 1, 1
1, 1, 1, 1
1, 1, 1, 1
1, 1, 1, 1
1, 1, 1, 1
1, 1, 0, 0
1, 1, 1, 1
1, 1, 1, 1
1, 1, 1, 1
1, 1, 1, 1
1, 1, 0, 0
1, 1, 1, 1
# row 27
1, 1, 1, 1
1, 1, 0, 0
1, 1, 1, 1
1, 1, 1, 1
1, 1, 1, 1
1, 1, 1, 1
1, 1, 0, 0
1, 1, 1, 1
1, 1, 1, 1
1, 1, 1, 1
1, 1, 1, 1
1, 1, 1, 1
1, 1, 0, 0
1, 1, 1, 1
1, 1, 1, 1
1, 1, 0, 0
1, 1, 1, 1
1, 1, 1, 1
1, 1, 1, 1
1, 1, 1, 1
1, 1, 1, 1
1, 1, 0, 0
1, 1, 1, 1
1, 1, 1, 1
1, 1, 1, 1
1, 1, 1, 1
1, 1, 0, 0
1, 1, 1, 1
# row 28
1, 1, 1, 1
1, 1, 0, 0
1, 1, 1, 1
1, 1, 1, 1
1, 1, 1, 1
1, 1, 1, 1
1, 1, 0, 0
1, 1, 1, 1
1, 1, 1, 1
1, 1, 1, 1
1, 1, 1, 1
1, 1, 1, 1
1, 1, 0, 0
1, 1, 1, 1
1, 1, 1, 1
1, 1, 0, 0
1, 1, 1, 1
1, 1, 1, 1
1, 1, 1, 1
1, 1, 1, 1
1, 1, 1, 1
1, 1, 0, 0
1, 1, 1, 1
1, 1, 1, 1
1, 1, 1, 1
1, 1, 1, 1
1, 1, 0, 0
1, 1, 1, 1
# row 29
1, 1, 1, 1
1, 1, 0, 0
1, 1, 1, 1
1, 1, 1, 1
1, 1, 1, 1
1, 1, 1, 1
1, 1, 0, 0
1, 1, 1, 1
1, 1, 1, 1
1, 1, 1, 1
1, 1, 1, 1
1, 1, 1, 1
1, 1, 0, 0
1, 1, 1, 1
1, 1, 1, 1
1, 1, 0, 0
1, 1, 1, 1
1, 1, 1, 1
1, 1, 1, 1
1, 1, 1, 1
1, 1, 1, 1
1, 1, 0, 0
1, 1, 1, 1
1, 1, 1, 1
1, 1, 1, 1
1, 1, 1, 1
1, 1, 0, 0
1, 1, 1, 1
# row 30
1, 1, 1, 1
1, 1, 0, 0
1, 1, 1, 1
1, 1, 1, 1
1, 1, 1, 1
1, 1, 1, 1
1, 1, 0, 0
1, 1, 1, 1
1, 1, 1, 1
1, 1, 1, 1
1, 1, 1, 1
1, 1, 1, 1
1, 1, 0, 0
1, 1, 1, 1
1, 1, 1, 1
1, 1, 0, 0
1, 1, 1, 1
1, 1, 1, 1
1, 1, 1, 1
1, 1, 1, 1
1, 1, 1, 1
1, 1, 0, 0
1, 1, 1, 1
1, 1, 1, 1
1, 1, 1, 1
1, 1, 1, 1
1, 1, 0, 0
1, 1, 1, 0
# row 31
1, 1, 1, 1
1, 1, 0, 0
1, 1, 1, 1
1, 1, 1, 1
1, 1, 1, 1
1, 1, 1, 1
1, 1, 0, 0
1, 1, 1, 1
1, 1, 1, 1
1, 1, 1, 1
1, 1, 1, 1
1, 1, 1, 1
1, 1, 0, 0
1, 1, 1, 1
1, 1, 1, 1
1, 1, 0, 0
1, 1, 1, 1
1, 1, 1, 1
1, 1, 1, 1
1, 1, 1, 1
1, 1, 1, 1
1, 1, 0, 0
1, 1, 1, 1
1, 1, 1, 1
1, 1, 1, 1
1, 1, 1, 1
1, 1, 0, 0
1, 1, 1, 0
# row 32
1, 1, 1, 1
1, 1, 0, 0
1, 1, 1, 1
1, 1, 1, 1
1, 1, 1, 1
1, 1, 1, 1
1, 1, 0, 0
1, 1, 1, 1
1, 1, 1, 1
1, 1, 1, 1
1, 1, 1, 1
1, 1, 1, 1
1, 1, 0, 0
1, 1, 1, 1
1, 1, 1, 1
1, 1, 0, 0
1, 1, 1, 1
1, 1, 1, 1
1, 1, 1, 1
1, 1, 1, 1
1, 1, 1, 1
1, 1, 0, 0
1, 1, 1, 1
1, 1, 1, 0
1, 1, 0, 1
1, 1, 1, 1
1, 0, 0, 0
0, 1, 1, 0